0.0, 2601, 0.0, 0.0, 0.0, 0.0, 0, 0, 0.0, 1, False 
0.0, 2602, -29.0, -46.5, 1.6031160664142057, 6.363617140974502, -0.7937678671715888, -1.2727657180509957, 0.7853981633974483, 7, False 
0.0, 2603, -50.0, 44.0, 0.7507135169227552, 7.339372105107976, 1.5014270338455105, -1.3212557897840493, 4.71238898038469, 6, False 
0.0, 2604, 45.5, 77.0, -8.703636254649437, 3.044924856128175, 0.5927274907011251, -1.9101502877436498, 3.141592653589793, 8, False 
0.5, 2601, 0.0, 0.0, 0.0, 0.0, 0, 0, 0.0, 1, False 
0.5, 2602, -28.1984419667929, -43.31819142951275, 1.193950376564322, 5.73506051007346, -0.8183313796997671, -1.2571132618020842, 0.7853981633974483, 7, False 
0.5, 2603, -49.62464324153862, 47.669686052553985, 1.4718827892606434, 6.646613214413932, 1.4423385446757762, -1.385517781388086, 4.71238898038469, 6, False 
0.5, 2604, 41.14818187267528, 78.52246242806409, -8.380650280110892, 2.0985211049461614, 0.6459719490770899, -1.892807502364027, 3.141592653589793, 8, False 
1.0, 2601, 0.0, 0.0, 0.0, 0.0, 0, 0, 0.0, 1, False 
1.0, 2602, -27.601466778510737, -40.450661174476025, 0.7712233099426414, 5.115543095350169, -0.8454541332433612, -1.2390348294465805, 0.7853981633974483, 7, False 
1.0, 2603, -48.8887018469083, 50.99299265976095, 2.1639387944742716, 5.924769404682385, 1.3841120104272564, -1.443687619463095, 4.71238898038469, 6, False 
1.0, 2604, 36.95785673261983, 79.57172298053717, -8.030980815055097, 1.1616479730827303, 0.6993389301115907, -1.873746263726862, 3.141592653589793, 8, False 
1.5, 2601, 0.0, 0.0, 0.0, 0.0, 0, 0, 0.0, 1, False 
1.5, 2602, -27.215855123539416, -37.89288962680094, 0.3337046866420058, 4.506381824203426, -0.8750372466012712, -1.2183225422934871, 0.7853981633974483, 7, False 
1.5, 2603, -47.80673244967116, 53.95537736210214, 2.8271114967993896, 5.176302994687386, 1.3263454046502354, -1.4969328199899965, 4.71238898038469, 6, False 
1.5, 2604, 32.94236632509228, 80.15254696707854, -7.654594353584382, 0.23518522066277803, 0.7527729229414305, -1.8529255048399045, 3.141592653589793, 8, False 
2.0, 2601, 0.0, 0.0, 0.0, 0.0, 0, 0, 0.0, 1, False 
2.0, 2602, -27.049002780218412, -35.63969871469922, -0.11971273297615825, 3.908960161065232, -0.9068348392363281, -1.194843326276388, 0.7853981633974483, 7, False 
2.0, 2603, -46.393176701271464, 56.543528859445836, 3.461415740126541, 4.403219475979887, 1.2686084866543033, -1.546167037415, 4.71238898038469, 6, False 
2.0, 2604, 29.11506914830009, 80.27013957740992, -7.251455588585554, -0.6799536410162678, 0.8062775299976557, -1.8302777233580916, 3.141592653589793, 8, False 
2.5, 2601, 0.0, 0.0, 0.0, 0.0, 0, 0, 0.0, 1, False 
2.5, 2602, -27.108859146706493, -33.6852186341666, -0.5899315342685573, 3.3246706104902284, -0.940437602584798, -1.1685791011500064, 0.7853981633974483, 7, False 
2.5, 2603, -44.662468831208194, 58.745138597435776, 4.0666378371421565, 3.607162811361079, 1.210444194031231, -1.5921133292376153, 4.71238898038469, 6, False 
2.5, 2604, 25.489341354007315, 79.9301627569018, -6.821502880244381, -1.5828050510445681, 0.8599054166823455, -1.805702820056601, 3.141592653589793, 8, False 
3.0, 2601, 0.0, 0.0, 0.0, 0.0, 0, 0, 0.0, 1, False 
3.0, 2602, -27.403824913840772, -32.02288332892149, -1.0775698543063408, 2.7548382940753653, -0.9752766400755667, -1.1396646328297255, 0.7853981633974483, 7, False 
3.0, 2603, -42.62914991263712, 60.548720003116316, 4.642319012735886, 2.7894885583317803, 1.1513623511874587, -1.6353485060585977, 4.71238898038469, 6, False 
3.0, 2604, 22.078589913885125, 79.1387602313795, -6.3646278260528595, -2.472335930136179, 0.9137501083830428, -1.779061758183222, 3.141592653589793, 8, False 
3.5, 2601, 0.0, 0.0, 0.0, 0.0, 0, 0, 0.0, 1, False 
3.5, 2602, -27.942609840993942, -30.645464181883806, -1.5828966749965754, 2.200631830479803, -1.0106536413804694, -1.1084129271911245, 0.7853981633974483, 7, False 
3.5, 2603, -40.30799040626918, 61.94346428228221, 5.187732857586328, 1.9513216669280111, 1.0908276897008846, -1.6763337828075382, 4.71238898038469, 6, False 
3.5, 2604, 18.896276000858695, 77.90259226631142, -5.880658082696114, -3.3474206617566127, 0.9679394867134898, -1.7501694632408673, 3.141592653589793, 8, False 
4.0, 2601, 0.0, 0.0, 0.0, 0.0, 0, 0, 0.0, 1, False 
4.0, 2602, -28.73405817849223, -29.545148266643906, -2.1057953517934678, 1.662973041093766, -1.0457973535937848, -1.0753175787720743, 0.7853981633974483, 7, False 
4.0, 2603, -37.714123977476014, 62.91912511574621, 5.701854172474947, 1.093604188047467, 1.0282426297772391, -1.7154349577610883, 4.71238898038469, 6, False 
4.0, 2604, 15.955946959510637, 76.22888193543311, -5.369342762800367, -4.206813845136554, 1.0226306397914944, -1.7187863667598828, 3.141592653589793, 8, False 
4.5, 2601, 0.0, 0.0, 0.0, 0.0, 0, 0, 0.0, 1, False 
4.5, 2602, -29.786955854388964, -28.713661746097024, -2.6457643825104005, 1.1424603651034342, -1.0799380614338654, -1.0410253519806636, 0.7853981633974483, 7, False 
4.5, 2603, -34.86319689123854, 63.465927209769944, 6.183316271236451, 0.21713727626119306, 0.9629241975230075, -1.7529338235725478, 4.71238898038469, 6, False 
4.5, 2604, 13.271275578110453, 74.12547501286483, -4.830339993462972, -5.049117836962913, 1.0780055386747907, -1.6846079836527177, 3.141592653589793, 8, False 
5.0, 2601, 0.0, 0.0, 0.0, 0.0, 0, 0, 0.0, 1, False 
5.0, 2602, -31.109838045644164, -28.14243156354531, -3.201956816734759, 0.639320249318991, -1.1123848684487165, -1.0062802315688864, 0.7853981633974483, 7, False 
5.0, 2603, -31.771538755620313, 63.57449584790054, 6.630353031164083, -0.6773783106758957, 0.8940735198552645, -1.7890311738741775, 4.71238898038469, 6, False 
5.0, 2604, 10.856105581378968, 71.60091609438336, -4.263206608364325, -5.872743797886044, 1.1342667701972924, -1.6472519218462618, 3.141592653589793, 8, False 
5.5, 2601, 0.0, 0.0, 0.0, 0.0, 0, 0, 0.0, 1, False 
5.5, 2602, -32.71081645401154, -27.822771438885813, -3.7732511655025207, 0.153395597684585, -1.1425886975355237, -0.971849303268812, 0.7853981633974483, 7, False 
5.5, 2603, -28.45636224003827, 63.2358066925626, 7.040720697354801, -1.5892984708572482, 0.8207353323814357, -1.823840320362705, 4.71238898038469, 6, False 
5.5, 2604, 8.724502277196805, 68.66454419544034, -3.6673905306946404, -6.675864711317086, 1.1916321553393705, -1.6062418268620844, 3.141592653589793, 8, False 
6.0, 2601, 0.0, 0.0, 0.0, 0.0, 0, 0, 0.0, 1, False 
6.0, 2602, -34.5974420367628, -27.74607364004352, -4.358340399660781, -0.3158277905561346, -1.1701784683165195, -0.938446776481439, 0.7853981633974483, 7, False 
6.0, 2603, -24.93600189136087, 62.441157457133976, 7.411592543592577, -2.5179825256725463, 0.741743692475552, -1.857368109630596, 4.71238898038469, 6, False 
6.0, 2604, 6.8908070118494855, 65.3266118397818, -3.0422273491398406, -7.456358783317816, 1.2503263631095993, -1.56098814400146, 3.141592653589793, 8, False 
6.5, 2601, 0.0, 0.0, 0.0, 0.0, 0, 0, 0.0, 1, False 
6.5, 2602, -36.77661223659319, -27.903987535321587, -4.955823737917303, -0.7691639357131725, -1.1949666765130431, -0.906672290314076, 0.7853981633974483, 7, False 
6.5, 2603, -21.230205619564583, 61.1821661942977, 7.302422703431957, -3.2672041044908, 0.6556484904208069, -1.8894774560732173, 4.71238898038469, 6, False 
6.5, 2604, 5.369693337279565, 61.5984324481229, -2.386944191976304, -8.211742119073767, 1.3105663143270736, -1.5107666715119015, 3.141592653589793, 8, False 
7.0, 2601, 0.0, 0.0, 0.0, 0.0, 0, 0, 0.0, 1, False 
7.0, 2602, -39.25452410555184, -28.288569503178174, -5.564288392902775, -1.207650838178242, -1.2169293099709424, -0.8769738049301391, 0.7853981633974483, 7, False 
7.0, 2603, -17.578994267848604, 59.5485641420523, 6.988523035148283, -3.893654554169106, 0.5662508540138218, -1.918165782806225, 4.71238898038469, 6, False 
7.0, 2604, 4.1762212412914135, 57.49256138858602, -1.7006768201360465, -8.939091481036412, 1.3725347436805149, -1.4546987239252887, 3.141592653589793, 8, False 
7.5, 2601, 0.0, 0.0, 0.0, 0.0, 0, 0, 0.0, 1, False 
7.5, 2602, -42.03666830200322, -28.892394922267293, -6.182373471828971, -1.6324694291188901, -1.2361701578523925, -0.849637181881296, 0.7853981633974483, 7, False 
7.5, 2603, -14.084732750274462, 57.60173686496775, 6.636126402761685, -4.467865974553092, 0.4750432913272864, -1.9427644919971485, 4.71238898038469, 6, False 
7.5, 2604, 3.32588283122339, 53.02301564806781, -1.1633495863649352, -9.45973852271743, 1.0746544675422225, -1.0412940833620343, 3.141592653589793, 8, False 
8.0, 2601, 0.0, 0.0, 0.0, 0.0, 0, 0, 0.0, 1, False 
8.0, 2602, -45.127855037917705, -29.70862963682674, -6.80881355180731, -2.0448682969601246, -1.2528801599566786, -0.8247977356824685, 0.7853981633974483, 7, False 
8.0, 2603, -10.766669548893619, 55.3678038776912, 6.252364711904409, -4.9907850594202605, 0.3817634969886724, -1.9632260777523765, 4.71238898038469, 6, False 
8.0, 2604, 2.7442080380409224, 48.2931463867091, -0.8653370175953611, -9.721816350665765, 0.5960251375391483, -0.5241556558966707, 3.141592653589793, 8, False 
8.5, 2601, 0.0, 0.0, 0.0, 0.0, 0, 0, 0.0, 1, False 
8.5, 2602, -48.53226181382136, -30.7310637853068, -7.442463475004013, -2.446101115698588, -1.2672998463934058, -0.8024656374769268, 0.7853981633974483, 7, False 
8.5, 2603, -7.640487192941414, 52.87241134798107, 5.843209083478563, -5.464147473005612, 0.28604478631402913, -1.9794389054028823, 4.71238898038469, 6, False 
8.5, 2604, 2.311539529243242, 43.432238211376216, -0.6984011514498607, -9.85384179822725, 0.33387173229100064, -0.2640508951229723, 3.141592653589793, 8, False 
9.0, 2601, 0.0, 0.0, 0.0, 0.0, 0, 0, 0.0, 1, False 
9.0, 2602, -52.253493551323366, -31.954114343156096, -7.5483673363549615, -2.649934066245705, -1.279689244655165, -0.7825569864961228, 0.7853981633974483, 7, False 
9.0, 2603, -4.718882651202133, 50.140337611478266, 5.413459043315919, -5.890200436856211, 0.18739890024368436, -1.9912010577004668, 4.71238898038469, 6, False 
9.0, 2604, 1.9623389535183116, 38.50531731226259, -0.603684338331063, -9.920440501014657, 0.1894336262375953, -0.13319740557481197, 3.141592653589793, 8, False 
9.5, 2601, 0.0, 0.0, 0.0, 0.0, 0, 0, 0.0, 1, False 
9.5, 2602, -56.027677219500845, -33.279081376278945, -7.502458424916231, -2.7772500035833056, -1.2896542929637969, -0.7660233708184423, 0.7853981633974483, 7, False 
9.5, 2603, -2.0121531295441732, 47.195237393050164, 4.966760317874754, -6.271466490764714, 0.08519193756968686, -1.9981847596689157, 4.71238898038469, 6, False 
9.5, 2604, 1.66049678435278, 33.545097061755264, -0.5490416571633325, -9.954105753112852, 0.10928536233546104, -0.06733050419639319, 3.141592653589793, 8, False 
10.0, 2601, 0.0, 0.0, 0.0, 0.0, 0, 0, 0.0, 1, False 
10.0, 2602, -59.77890643195896, -34.6677063780706, -7.461104655769625, -2.8865060740716997, -1.2975850238256552, -0.7525111998790275, 0.7853981633974483, 7, False 
10.0, 2603, 0.4712270293932037, 44.05950414766781, 4.505631199986298, -6.610543660676481, -0.021389259339967055, -1.9998856216256187, 4.71238898038469, 6, False 
10.0, 2604, 1.3859759557711138, 28.568044185198836, -0.5446952751925258, -9.985154333167962, -0.09689271902324906, -1.9976515714709313, 3.141592653589793, 8, False 
10.5, 2601, 0.0, 0.0, 0.0, 0.0, 0, 0, 0.0, 1, False 
10.5, 2602, -63.509458759843774, -36.11095941510645, -7.424026606159267, -2.9805752718291316, -1.3039551360019468, -0.7414182377674186, 0.7853981633974483, 7, False 
10.5, 2603, 2.7240426293863527, 40.75423231732957, 4.031479262803833, -6.909933064334462, -0.13338383324588912, -1.9955472314702634, 4.71238898038469, 6, False 
10.5, 2604, 1.1136283181748508, 23.575467018614855, -0.5380593142138044, -9.985514116678608, -0.0943373268614907, -1.9977738782856853, 3.141592653589793, 8, False 
11.0, 2601, 0.0, 0.0, 0.0, 0.0, 0, 0, 0.0, 1, False 
11.0, 2602, -67.22147206292341, -37.60124705102102, -7.39089012599745, -3.061820234016586, -1.3091140169440858, -0.7322707768582055, 0.7853981633974483, 7, False 
11.0, 2603, 4.739782260788269, 37.29926578516233, 3.5445905909579456, -7.171881032371661, -0.2521213596515355, -1.9840450650142656, 4.71238898038469, 6, False 
11.0, 2604, 0.8445986610679486, 18.58270996027555, -0.5304020796690609, -9.985923774688185, -0.09076251609640601, -1.9979394799822765, 3.141592653589793, 8, False 
11.5, 2601, 0.0, 0.0, 0.0, 0.0, 0, 0, 0.0, 1, False 
11.5, 2602, -70.91691712592214, -39.13215716802931, -7.361343249478976, -3.1321918145845267, -1.3133227977711999, -0.7246952662011997, 0.7853981633974483, 7, False 
11.5, 2603, 6.512077556267242, 33.713325268976504, 3.044071959722859, -7.398217751866259, -0.37930930302595633, -1.963701721911442, 4.71238898038469, 6, False 
11.5, 2604, 0.5793976212334181, 13.589748072931458, -0.5208748675877289, -9.98642525493059, -0.08511533418755698, -1.9981880241574215, 3.141592653589793, 8, False 
12.0, 2601, 0.0, 0.0, 0.0, 0.0, 0, 0, 0.0, 1, False 
12.0, 2602, -74.59758875066163, -40.698253075321574, -7.335038087304337, -3.193308043047951, -1.3167790985360317, -0.7183959950185107, 0.7853981633974483, 7, False 
12.0, 2603, 8.034113536128672, 30.014216393043377, 2.5277218858884782, -7.590166142292302, -0.5171473169929123, -1.9319830880540938, 4.71238898038469, 6, False 
12.0, 2604, 0.3189601874395536, 8.596535445466163, -0.5071547140760786, -9.98713142478812, -0.07398010603097831, -1.99863126762083, 3.141592653589793, 8, False 
12.5, 2601, 0.0, 0.0, 0.0, 0.0, 0, 0, 0.0, 1, False 
12.5, 2602, -78.26510779431379, -42.29490709684555, -7.3116432480881395, -3.2465170587395846, -1.3196342213409116, -0.7131378000540749, 0.7853981633974483, 7, False 
12.5, 2603, 9.297974479072911, 26.219133321897225, 1.9917990785044828, -7.748079531785195, -0.6684628035813139, -1.8849820901611267, 4.71238898038469, 6, False 
12.5, 2604, 0.06538283040151432, 3.6029697330721024, -0.45643924266847075, -8.98841828230931, 0.10143094281521572, 1.997426284957624, 3.141592653589793, 8, False 
13.0, 2601, 0.0, 0.0, 0.0, 0.0, 0, 0, 0.0, 1, False 
13.0, 2602, -81.92092941835786, -43.91816562621534, -7.290850329129908, -3.2929472328335767, -1.3220052526749722, -0.7087327506894137, 0.7853981633974483, 7, False 
13.0, 2603, 10.293874018325152, 22.345093556004628, 1.4306492086228997, -7.871038231508387, -0.8368263157704785, -1.8165136160331985, 4.71238898038469, 6, False 
13.0, 2604, -0.16283679093272105, -0.8912394080825523, -0.4057237712608629, -7.989705139830497, 0.10143094281521572, 1.9974262849576243, 3.141592653589793, 8, False 
13.5, 2601, 0.0, 0.0, 0.0, 0.0, 0, 0, 0.0, 1, False 
13.5, 2602, -85.56635458292281, -45.56463924263213, -7.272376734526816, -3.3335471544757085, -1.3239836946535202, -0.7050299116290131, 0.7853981633974483, 7, False 
13.5, 2603, 11.009198622636601, 18.409574440250434, 0.8361576298122748, -7.956182527953133, -1.026484890321678, -1.7164873346288614, 4.71238898038469, 6, False 
13.5, 2604, -0.36569867656315247, -4.8860919779978005, -0.3312812318734698, -6.992479835132729, 0.14888507877478616, 1.9944506093955363, 3.141592653589793, 8, False 
14.0, 2601, 0.0, 0.0, 0.0, 0.0, 0, 0, 0.0, 1, False 
14.0, 2602, -89.20254295018623, -47.23141281986999, -7.25596626045663, -3.3691176333151427, -1.325641700072858, -0.7019074604447104, 0.7853981633974483, 7, False 
14.0, 2603, 11.427277437542738, 14.431483176273868, 0.19707702275678687, -7.997572172047047, -1.241563055565512, -1.5679672123660078, 4.71238898038469, 6, False 
14.0, 2604, -0.5313392924998874, -8.382331895564164, -0.2680862989611389, -5.994478632501085, 0.1263898658246618, 1.996002405263286, 3.141592653589793, 8, False 
14.5, 2601, 0.0, 0.0, 0.0, 0.0, 0, 0, 0.0, 1, False 
14.5, 2602, -92.83052608041454, -48.91597163652756, -7.24138836446522, -3.4003374178142565, -1.3270366322697262, -0.6992665990981003, 0.7853981633974483, 7, False 
14.5, 2603, 11.525815948921132, 10.432697090250345, -0.5013399171810123, -7.984275689593949, -1.482778521770143, -1.342150459291785, 4.71238898038469, 6, False 
14.5, 2604, -0.6653824419804568, -11.379571211814707, -0.20975027168072263, -4.996181628638438, 0.11667205456083252, 1.9965940077252946, 3.141592653589793, 8, False 
15.0, 2601, 0.0, 0.0, 0.0, 0.0, 0, 0, 0.0, 1, False 
15.0, 2602, -96.45122026264715, -50.61614034543469, -7.2284367003781895, -3.4277839588611307, -1.3282144390624144, -0.6970268315252401, 0.7853981633974483, 7, False 
15.0, 2603, 11.275145990330625, 6.44055924545337, -1.2755618740614398, -7.8976542027010055, -1.7366442600971026, -0.9920013678779818, 4.71238898038469, 6, False 
15.0, 2604, -0.7702575778208182, -13.877662026133926, -0.15435634034914203, -3.9977170512138644, 0.11078786266316118, 1.9969291548491472, 3.141592653589793, 8, False 
15.5, 2601, 0.0, 0.0, 0.0, 0.0, 0, 0, 0.0, 1, False 
15.5, 2602, -100.06543861283625, -52.33003232486525, -7.216927285045463, -3.451950254909, -1.3292121768470953, -0.6951222834303374, 0.7853981633974483, 7, False 
15.5, 2603, 10.637365053299906, 2.4917321441028673, -2.134156804543445, -7.710082667106813, -1.9472895569944995, -0.4561396510063184, 4.71238898038469, 6, False 
15.5, 2604, -0.8474357479953891, -15.876520551740859, -0.10107403576627655, -2.999137562130327, 0.10656460916573098, 1.997158978167075, 3.141592653589793, 8, False 
16.0, 2601, 0.0, 0.0, 0.0, 0.0, 0, 0, 0.0, 1, False 
16.0, 2602, -103.67390225535898, -54.05600745231975, -7.206696524464551, -3.47325858586293, -1.3300599185072497, -0.693498819883991, 0.7853981633974483, 7, False 
16.0, 2603, 9.570286651028184, -1.3633091894505394, -3.0522566234922235, -7.3948447924447915, -1.9800110590419104, 0.28205709718376354, 4.71238898038469, 6, False 
16.0, 2604, -0.8979727658785274, -17.37608933280602, -0.04947970023639528, -2.000469436804786, 0.10318867105976254, 1.9973362506510817, 3.141592653589793, 8, False 
16.5, 2601, 0.0, 0.0, 0.0, 0.0, 0, 0, 0.0, 1, False 
16.5, 2602, -107.27725051759126, -55.792636745251215, -7.197599237550001, -3.492071765531122, -1.3307822095361879, -0.6921117762196953, 0.7853981633974483, 7, False 
16.5, 2603, 8.044158339282072, -5.060731585672935, -3.8986843440358148, -6.862341164386372, -1.6928554410871828, 1.0650072561168398, 4.71238898038469, 6, False 
16.5, 2604, -0.922712615996725, -18.376324051208414, 0.0006553470875875142, -1.0017269890086475, 0.10027009464796559, 1.9974848955922766, 3.141592653589793, 8, False 
17.0, 2601, 0.0, 0.0, 0.0, 0.0, 0, 0, 0.0, 1, False 
17.0, 2602, -110.87605013636626, -57.538672628016776, -7.189506758451283, -3.5087024054746117, -1.3313991893882446, -0.6909241626230225, 0.7853981633974483, 7, False 
17.0, 2603, 6.094816167264165, -8.49190216786612, -4.481769022181514, -6.049929779611561, -1.1661693562913993, 1.6248227695496218, 4.71238898038469, 6, False 
17.0, 2604, -0.9223849424529313, -18.877187545712736, 0.0494464466510626, -0.0029179839414189557, 0.09758219912695017, 1.9976180101344572, 3.141592653589793, 8, False 
17.5, 2601, 0.0, 0.0, 0.0, 0.0, 0, 0, 0.0, 1, False 
17.5, 2602, -114.4708035155919, -59.29302383075408, -7.182305161651808, -3.5234205773523284, -1.3319274622783313, -0.6899052364120776, 0.7853981633974483, 7, False 
17.5, 2603, 3.853931656173408, -11.5168670576719, -4.799106397298607, -5.101617072560878, -0.6346747502341867, 1.8966254141013645, 4.71238898038469, 6, False 
17.5, 2604, -0.8976617191274, -18.878646537683444, 0.09692874788935502, 0.9959540954907354, 0.09496460247658484, 1.9977441588643088, 3.141592653589793, 8, False 
18.0, 2601, 0.0, 0.0, 0.0, 0.0, 0, 0, 0.0, 1, False 
18.0, 2602, -118.0619560964178, -61.05473411943024, -7.175893630867284, -3.536460179116731, -1.3323807786928208, -0.6890293611813013, 0.7853981633974483, 7, False 
18.0, 2603, 1.454378457524104, -14.06767559395234, -4.901942701683673, -4.106918779358149, -0.20567260877013158, 1.989396586405458, 4.71238898038469, 6, False 
18.0, 2604, -0.8491973451827225, -18.380669489938075, 0.14306627621514037, 1.9948891927217753, 0.09227505665157071, 1.9978701944620798, 3.141592653589793, 8, False 
18.5, 2601, 0.0, 0.0, 0.0, 0.0, 0, 0, 0.0, 1, False 
18.5, 2602, -121.64990291185144, -62.82296420898861, -7.1701829783032816, -3.548024247049318, -1.3327705726285506, -0.6882750908868964, 0.7853981633974483, 7, False 
18.5, 2603, -0.9965928933177324, -16.121134983631414, -4.840241459851913, -3.1088241161340546, 0.12340248366351998, 1.996189326448189, 4.71238898038469, 6, False 
18.5, 2604, -0.7776642070751523, -17.383224893577186, 0.18774260812046298, 2.9938907069185685, 0.0893526638106452, 1.9980030283935863, 3.141592653589793, 8, False 
19.0, 2601, 0.0, 0.0, 0.0, 0.0, 0, 0, 0.0, 1, False 
19.0, 2602, -125.23499440100308, -64.59697633251326, -7.165094312066275, -3.558289406329329, -1.333106387957684, -0.6876244312023942, 0.7853981633974483, 7, False 
19.0, 2603, -3.4167136232436888, -17.67554704169844, -4.650452998895516, -2.1269991113150684, 0.37957692191279263, 1.9636500096379728, 4.71238898038469, 6, False 
19.0, 2604, -0.6837929030149208, -15.8862795401179, 0.2307272795741878, 3.992966438792792, 0.08596934290744963, 1.998151463748447, 3.141592653589793, 8, False 
19.5, 2601, 0.0, 0.0, 0.0, 0.0, 0, 0, 0.0, 1, False 
19.5, 2602, -128.8175415570362, -66.37612103567793, -7.160557844444914, -3.567409614322192, -1.3333962189221038, -0.6870622412592887, 0.7853981633974483, 7, False 
19.5, 2603, -5.741940122691447, -18.739046597355973, -4.3574822822027315, -1.170877696869959, 0.5859414333855696, 1.9122428288902185, 4.71238898038469, 6, False 
19.5, 2604, -0.5684292632278269, -13.889796320721505, 0.2715930788723664, 4.9921310831070915, 0.08173159859635722, 1.9983292886285993, 3.141592653589793, 8, False 
20.0, 2601, 0.0, 0.0, 0.0, 0.0, 0, 0, 0.0, 1, False 
20.0, 2602, -132.39782047925866, -68.15982584283903, -7.15651183107286, -3.5755193205622815, -1.3336467836379675, -0.6865757470899363, 0.7853981633974483, 7, False 
20.0, 2603, -7.920681263792813, -19.324485445790952, -3.978225650914435, -0.24558617112045078, 0.7585132625765934, 1.8505830514990165, 4.71238898038469, 6, False 
20.0, 2604, -0.43263272379164375, -11.39373077916796, 0.3095008535502411, 5.991412325110048, 0.07581554935574944, 1.998562484005913, 3.141592653589793, 8, False 
20.5, 2601, 0.0, 0.0, 0.0, 0.0, 0, 0, 0.0, 1, False 
20.5, 2602, -135.9760763947951, -69.94758550312017, -7.152901629786637, -3.5827361435913314, -1.3338637449834327, -0.6861541443573533, 0.7853981633974483, 7, False 
20.5, 2603, -9.90979408925003, -19.447278531351177, -3.524202024898479, 0.645403473611363, 0.9080472520319114, 1.7819792894636275, 4.71238898038469, 6, False 
20.5, 2604, -0.2778822970165232, -8.398024616612936, 0.3425053966181806, 6.990867526775873, 0.06600908613587893, 1.9989104033316516, 3.141592653589793, 8, False 
21.0, 2601, 0.0, 0.0, 0.0, 0.0, 0, 0, 0.0, 1, False 
21.0, 2602, -139.5525272096884, -71.73895357491583, -7.149678867733407, -3.589163145955663, -1.3340518898949538, -0.6857882727691557, 0.7853981633974483, 7, False 
21.0, 2603, -11.671895101699269, -19.124576794545497, -3.003250809354785, 1.4989899256029275, 1.0419024310873881, 1.7071729039831292, 4.71238898038469, 6, False 
21.0, 2604, -0.10662959870743294, -4.902590853225, 0.3640543986730528, 7.9906353200711155, 0.04309800410974445, 1.9995355865904854, 3.141592653589793, 8, False 
21.5, 2601, 0.0, 0.0, 0.0, 0.0, 0, 0, 0.0, 1, False 
21.5, 2602, -143.12736664355512, -73.53353514789366, -7.1468007055920095, -3.5948907736605227, -1.3342152755907724, -0.6854703482866633, 0.7853981633974483, 7, False 
21.5, 2603, -13.173520506376661, -18.375081831744033, -2.4205941905545303, 2.3117083667424496, 1.1653132376005093, 1.6254368822790441, 4.71238898038469, 6, False 
21.5, 2604, 0.07539760062909345, -0.9072731931894422, 0.31854147851253, 6.991671569928768, -0.09102584032104553, -1.9979275002846946, 3.141592653589793, 8, False 
22.0, 2601, 0.0, 0.0, 0.0, 0.0, 0, 0, 0.0, 1, False 
22.0, 2602, -146.70076699635112, -75.33098053472392, -7.144229188403016, -3.599998514384469, -1.3343573493481802, -0.6851937421200651, 0.7853981633974483, 7, False 
22.0, 2603, -14.383817601653927, -17.219227648372808, -1.7795037767832533, 3.0791737284172114, 1.282180827542554, 1.5349307233495235, 4.71238898038469, 6, False 
22.0, 2604, 0.23466833988535846, 2.588562591774942, 0.27302855835200723, 5.992707819786421, -0.09102584032104553, -1.9979275002846946, 3.141592653589793, 8, False 
22.5, 2601, 0.0, 0.0, 0.0, 0.0, 0, 0, 0.0, 1, False 
22.5, 2602, -150.27288159055263, -77.13097979191616, -7.141930673303364, -3.6045563191228642, -1.3344810470223867, -0.6849527977445122, 0.7853981633974483, 7, False 
22.5, 2603, -15.273569490045555, -15.679640784164203, -1.0817334832705967, 3.7954953164565928, 1.395540587025313, 1.4326431760787628, 4.71238898038469, 6, False 
22.5, 2604, 0.3711826190613621, 5.584916501668152, 0.2068240415939565, 4.994901745460937, -0.13240903351610148, -1.9956121486509677, 3.141592653589793, 8, False 
23.0, 2601, 0.0, 0.0, 0.0, 0.0, 0, 0, 0.0, 1, False 
23.0, 2602, -153.8438469272043, -78.9332579514776, -7.13987532532816, -3.6086258241566265, -1.334588874392981, -0.6847426789287168, 0.7853981633974483, 7, False 
23.0, 2603, -15.814436231680853, -13.781893125935907, -0.327841490041369, 4.452493689776392, 1.5077839864584555, 1.313996746639598, 4.71238898038469, 6, False 
23.0, 2604, 0.47459463985834033, 8.08236737439862, 0.14825831485179455, 3.996618190727532, -0.11713145348432391, -1.9965671094668092, 3.141592653589793, 8, False 
23.5, 2601, 0.0, 0.0, 0.0, 0.0, 0, 0, 0.0, 1, False 
23.5, 2602, -157.41378458986838, -80.73757086355592, -7.138036673314458, -3.612261403943223, -1.3346829745744908, -0.6845592431491876, 0.7853981633974483, 7, False 
23.5, 2603, -15.978356976701537, -11.55564628104771, 0.4824591393312363, 5.0385081008947195, 1.6206012587452105, 1.1720288222366542, 4.71238898038469, 6, False 
23.5, 2604, 0.5487237972842376, 10.080676469762386, 0.09393969486921216, 2.998094536764749, -0.10863723996516478, -1.9970473079255664, 3.141592653589793, 8, False 
24.0, 2601, 0.0, 0.0, 0.0, 0.0, 0, 0, 0.0, 1, False 
24.0, 2602, -160.9828029265256, -82.54370156552753, -7.13639121878188, -3.615511080399679, -1.334765184068399, -0.6843989358545592, 0.7853981633974483, 7, False 
24.0, 2603, -15.737127407035919, -9.03639223060035, 1.3496618997059526, 5.53646329204998, 1.7344055207494327, 0.9959103823105215, 4.71238898038469, 6, False 
24.0, 2604, 0.5956936447188437, 11.57972373814476, 0.042590704626862666, 1.9994137663475495, -0.102697980484699, -1.9973615408343992, 3.141592653589793, 8, False 
24.5, 2601, 0.0, 0.0, 0.0, 0.0, 0, 0, 0.0, 1, False 
24.5, 2602, -164.55099853591653, -84.35145710572736, -7.134918091452037, -3.618417309856675, -1.3348370795194813, -0.6842587019102513, 0.7853981633974483, 7, False 
24.5, 2603, -15.062296457182942, -6.2681605845753605, 2.2729083924185267, 5.920671456583128, 1.8464929854251484, 0.7684163290662966, 4.71238898038469, 6, False 
24.5, 2604, 0.616988997032275, 12.579430621318537, -0.006375902930595832, 1.0006133501760734, -0.097933215114917, -1.9976008323429522, 3.141592653589793, 8, False 
25.0, 2601, 0.0, 0.0, 0.0, 0.0, 0, 0, 0.0, 1, False 
25.0, 2602, -168.11845758164256, -86.1606657606557, -7.133598745792147, -3.6210176655234236, -1.3349000168354115, -0.684135911243386, 0.7853981633974483, 7, False 
25.0, 2603, -13.92584226097368, -3.3078248562837964, 3.2458380737435863, 6.151772809233254, 1.9458593626501195, 0.46220270530025187, 4.71238898038469, 6, False 
25.0, 2604, 0.6138010455669771, 13.079737296406574, -0.053231631528804155, 0.0017116829947982914, -0.09371145719641664, -1.9978033343625503, 3.141592653589793, 8, False 
25.5, 2601, 0.0, 0.0, 0.0, 0.0, 0, 0, 0.0, 1, False 
25.5, 2602, -171.68525695453863, -87.97117459341742, -7.13241669362475, -3.623345430469333, -1.3349551640097619, -0.6840282962594965, 0.7853981633974483, 7, False 
25.5, 2603, -12.302923224101885, -0.23193845166716942, 4.245660416410409, 6.170621764223568, 1.9996446853336451, 0.03769790998062795, 4.71238898038469, 6, False 
25.5, 2604, 0.587185229802575, 13.080593137903973, -0.09805595719584177, -0.9972832017911527, -0.08964865133407524, -1.997989769571902, 3.141592653589793, 8, False 
26.0, 2601, 0.0, 0.0, 0.0, 0.0, 0, 0, 0.0, 1, False 
26.0, 2602, -175.251465301351, -89.78284730865208, -7.1313572684351145, -3.6254301137847986, -1.3350035287355984, -0.6839338990454418, 0.7853981633974483, 7, False 
26.0, 2603, -10.18009301589668, 2.8533724304446144, 5.208552042298374, 5.900733422876944, 1.9257832517759292, -0.5397766826932483, 4.71238898038469, 6, False 
26.0, 2604, 0.5381572512046542, 12.581951537008397, -0.140767082299005, -1.9963706653259634, -0.08542225020632647, -1.9981749270696216, 3.141592653589793, 8, False 
26.5, 2601, 0.0, 0.0, 0.0, 0.0, 0, 0, 0.0, 1, False 
26.5, 2602, -178.81714393556857, -91.59556236554448, -7.1304074175341725, -3.627297900638113, -1.3350459816952216, -0.6838510267298292, 0.7853981633974483, 7, False 
26.5, 2603, -7.575816994747494, 5.803739141883087, 6.000501063649678, 5.290934415123577, 1.5876565663179656, -1.2162839419426072, 4.71238898038469, 6, False 
26.5, 2604, 0.46777371005515167, 11.583766204345416, -0.18109010808919107, -2.995557361389879, -0.08064605158037215, -1.9983733921278315, 3.141592653589793, 8, False 
27.0, 2601, 0.0, 0.0, 0.0, 0.0, 0, 0, 0.0, 1, False 
27.0, 2602, -182.38234764433565, -93.40921131586354, -7.129555518701655, -3.628972045325066, -1.3350832762501113, -0.6837782136608834, 0.7853981633974483, 7, False 
27.0, 2603, -4.575566462922655, 8.449206349444875, 6.4766967463255565, 4.41159507686965, 0.9523913653517567, -1.758678676507854, 4.71238898038469, 6, False 
27.0, 2604, 0.3772286560105561, 10.085987523650477, -0.21843102640237833, -3.9948599461056036, -0.07468183662637454, -1.998605169431449, 3.141592653589793, 8, False 
27.5, 2601, 0.0, 0.0, 0.0, 0.0, 0, 0, 0.0, 1, False 
27.5, 2602, -185.94712540368647, -95.22369733852608, -7.128791218346853, -3.630473215053487, -1.3351160651252127, -0.6837141892959139, 0.7853981633974483, 7, False 
27.5, 2603, -1.3372180897598769, 10.655003887879701, 6.601221326306034, 3.4193785536345827, 0.2490491599609567, -1.9844330464701352, 4.71238898038469, 6, False 
27.5, 2604, 0.26801314280936694, 8.088557550597676, -0.25149445795445124, -4.994313201387711, -0.06612686310414581, -1.998906510564215, 3.141592653589793, 8, False 
28.0, 2601, 0.0, 0.0, 0.0, 0.0, 0, 0, 0.0, 1, False 
28.0, 2602, -189.5115210128599, -97.03893394605282, -7.128105288588011, -3.6318197910694345, -1.3351449145767793, -0.6836578508872431, 0.7853981633974483, 7, False 
28.0, 2603, 1.9633925733931403, 12.364693164696993, 6.444395904515498, 2.4317522138277603, -0.3136508435810722, -1.9752526796136443, 4.71238898038469, 6, False 
28.0, 2604, 0.14226591383214132, 5.59140094990382, -0.27681827157488015, -5.993992502195584, -0.05064762724085775, -1.9993586016157459, 3.141592653589793, 8, False 
28.5, 2601, 0.0, 0.0, 0.0, 0.0, 0, 0, 0.0, 1, False 
28.5, 2602, -193.0755736571539, -98.85484384158754, -7.127489500971086, -3.633028132776699, -1.3351703164478814, -0.6836082402052097, 0.7853981633974483, 7, False 
28.5, 2603, 5.185590525650889, 13.580569271610873, 6.087677392794547, 1.4975402981493153, -0.7134370234419022, -1.8684238313568897, 4.71238898038469, 6, False 
28.5, 2604, 0.003856778044701248, 2.5944046988060276, -0.23068482394370773, -4.995057216499027, 0.09226689526234481, 1.9978705713931142, 3.141592653589793, 8, False 
29.0, 2601, 0.0, 0.0, 0.0, 0.0, 0, 0, 0.0, 1, False 
29.0, 2602, -196.63931840763945, -100.67135790797589, -7.126936514829223, -3.6341128096956323, -1.3351926984464233, -0.6835645236664629, 0.7853981633974483, 7, False 
29.0, 2603, 8.229429222048163, 14.32933942068553, 5.589658450510386, 0.6303741473303589, -0.9960378845683225, -1.7343323016379129, 4.71238898038469, 6, False 
29.0, 2604, -0.11148563392715262, 0.09687609055651425, -0.18455137631253532, -3.99612193080247, 0.0922668952623448, 1.997870571393114, 3.141592653589793, 8, False 
29.5, 2601, 0.0, 0.0, 0.0, 0.0, 0, 0, 0.0, 1, False 
29.5, 2602, -200.20278666505405, -102.4884143128237, -7.126439778530297, -3.6350868054258427, -1.3352124329239343, -0.6835259753406218, 0.7853981633974483, 7, False 
29.5, 2603, 11.024258447303357, 14.644526494350709, 4.988232650978844, -0.1685545151031812, -1.2028515990630841, -1.5978573248670802, 4.71238898038469, 6, False 
29.5, 2604, -0.2037613220834203, -1.9011848748447207, -0.13841792868136293, -2.997186645105913, 0.0922668952623448, 1.997870571393114, 3.141592653589793, 8, False 
30.0, 2601, 0.0, 0.0, 0.0, 0.0, 0, 0, 0.0, 1, False 
30.0, 2602, -203.7660065543192, -104.30595771553664, -7.125993442075307, -3.635961697199203, -1.3352298443870125, -0.6834919623947557, 0.7853981633974483, 7, False 
30.0, 2603, 13.518374772792779, 14.560249236799118, 4.3078317338611205, -0.9013946013330217, -1.360801834235448, -1.465680172459681, 4.71238898038469, 6, False 
30.0, 2604, -0.27297028642410176, -3.3997781973976773, -0.09228448105019055, -1.9982513594093558, 0.09226689526234479, 1.9978705713931137, 3.141592653589793, 8, False 
30.5, 2601, 0.0, 0.0, 0.0, 0.0, 0, 0, 0.0, 1, False 
30.5, 2602, -207.32900327535685, -106.12393856413624, -7.125592279699104, -3.636747814118064, -1.3352452159351669, -0.6834619326065275, 0.7853981633974483, 7, False 
30.5, 2603, 15.67229063972334, 14.109551936132608, 3.5646434763294166, -1.5704769683604227, -1.4863765150634078, -1.338164734054802, 4.71238898038469, 6, False 
30.5, 2604, -0.319112526949197, -4.398903877102355, -0.019990238208399333, -1.0008680116177797, 0.14458848568358243, 1.9947666955831522, 3.141592653589793, 8, False 
31.0, 2601, 0.0, 0.0, 0.0, 0.0, 0, 0, 0.0, 1, False 
31.0, 2602, -210.8917994152064, -107.94231247119527, -7.125231621289913, -3.637454376754481, -1.3352587947873416, -0.6834354036359662, 0.7853981633974483, 7, False 
31.0, 2603, 17.454612377888047, 13.324313451952396, 2.7697732397517445, -2.1772564233545384, -1.5897404731553437, -1.2135589099882316, 4.71238898038469, 6, False 
31.0, 2604, -0.32910764605339665, -4.899337882911245, 0.046984780439106116, -0.0031133589715661714, 0.1339500372950109, 1.995509305292427, 3.141592653589793, 8, False 
31.5, 2601, 0.0, 0.0, 0.0, 0.0, 0, 0, 0.0, 1, False 
31.5, 2602, -214.45441522585136, -109.7610396595725, -7.1249072915886416, -3.6380896204281448, -1.3352707970333886, -0.6834119537949415, 0.7853981633974483, 7, False 
31.5, 2603, 18.83949899776392, 12.235685240275126, 1.9311264939748376, -2.7219321395360145, -1.6772934915538138, -1.0893514323629525, 4.71238898038469, 6, False 
31.5, 2604, -0.3056152558338436, -4.900894562397028, 0.10917510869597138, 0.9949509491124887, 0.12438065651373055, 1.9961286161681098, 3.141592653589793, 8, False 
32.0, 2601, 0.0, 0.0, 0.0, 0.0, 0, 0, 0.0, 1, False 
32.0, 2602, -218.01686887164567, -111.58008446978657, -7.124615556255319, -3.6386609041740514, -1.3352814117251595, -0.6833912140942882, 0.7853981633974483, 7, False 
32.0, 2603, 19.805062244751337, 10.874719170507118, 1.0545731815483395, -3.2032369187291305, -1.7531066248529963, -0.9626095583862315, 4.71238898038469, 6, False 
32.0, 2604, -0.2510277014858579, -4.403419087840783, 0.1660308124738546, 1.9933333552815484, 0.11371140755576645, 1.9967648123381196, 3.141592653589793, 8, False 
32.5, 2601, 0.0, 0.0, 0.0, 0.0, 0, 0, 0.0, 1, False 
32.5, 2602, -221.57917664977333, -113.3994149218736, -7.124353074000592, -3.639174807147676, -1.335290804403935, -0.6833728613826362, 0.7853981633974483, 7, False 
32.5, 2603, 20.332348835525508, 9.273100711142554, 0.14473210166767037, -3.6181937952374947, -1.8196821597613382, -0.8299137530167284, 4.71238898038469, 6, False 
32.5, 2604, -0.1680122952489306, -3.406752410200009, 0.08302520131685229, 0.9967842754483209, -0.16601122231400461, -1.993098159666455, 3.141592653589793, 8, False 
33.0, 2601, 0.0, 0.0, 0.0, 0.0, 0, 0, 0.0, 1, False 
33.0, 2602, -225.1413531867736, -115.21900232544743, -7.124116854077124, -3.6396372139890896, -1.335299120145934, -0.6833566124195287, 0.7853981633974483, 7, False 
33.0, 2603, 20.404714886359343, 7.4640038135238065, -0.7944076166279586, -3.9617292221145592, -1.8782794365912578, -0.6870708537541288, 4.71238898038469, 6, False 
33.0, 2604, -0.12649969459050447, -2.9083602724758486, 0.041512600658426144, 0.49839213772416047, -0.08302520131685229, -0.9967842754483209, 3.141592653589793, 8, False 
33.5, 2601, 0.0, 0.0, 0.0, 0.0, 0, 0, 0.0, 1, False 
33.5, 2602, -228.70341161381216, -117.03882093244198, -7.1239042185104395, -3.64005339047234, -1.3353064861951236, -0.6833422187493112, 0.7853981633974483, 7, False 
33.5, 2603, 20.007511078045365, 5.483139202466527, -1.758845885436072, -4.226037424140923, -1.9288765376162271, -0.5286164040527268, 4.71238898038469, 6, False 
33.5, 2604, -0.1057433942612914, -2.659164203613768, 0.020756300329213072, 0.24919606886208023, -0.041512600658426144, -0.49839213772416047, 3.141592653589793, 8, False 
34.0, 2601, 0.0, 0.0, 0.0, 0.0, 0, 0, 0.0, 1, False 
34.0, 2602, -232.2653637230674, -118.85884762767814, -7.123712768523098, -3.6404280505980324, -1.3353130142420697, -0.6833294622623542, 0.7853981633974483, 7, False 
34.0, 2603, 19.128088135327328, 3.370120490396065, -2.7436772041443, -4.399551901033811, -1.969662637416456, -0.3470289537857758, 4.71238898038469, 6, False 
34.0, 2604, -0.09536524409668486, -2.534566169182728, 0.010378150164606536, 0.12459803443104012, -0.020756300329213072, -0.24919606886208023, 3.141592653589793, 8, False 
34.5, 2601, 0.0, 0.0, 0.0, 0.0, 0, 0, 0.0, 1, False 
34.5, 2602, -235.82722010732894, -120.67906165297717, -7.12354035467118, -3.6407654161413916, -1.3353188023987477, -0.6833181513470679, 0.7853981633974483, 7, False 
34.5, 2603, 17.75624953325518, 1.1703445398791597, -3.741512080237219, -4.4653208910870985, -1.9956697521858375, -0.1315379801065744, 4.71238898038469, 6, False 
34.5, 2604, -0.0901761690143816, -2.472267151967208, 0.005189075082303268, 0.06229901721552006, -0.010378150164606536, -0.12459803443104012, 3.141592653589793, 8, False 
35.0, 2601, 0.0, 0.0, 0.0, 0.0, 0, 0, 0.0, 1, False 
35.0, 2602, -239.38899028466454, -122.49944436104786, -7.123385050269125, -3.641069269541894, -1.3353239369118342, -0.6833081175504063, 0.7853981633974483, 7, False 
35.0, 2603, 15.88549349313657, -1.0623159056643896, -4.739283530711459, -4.3985965880294335, -1.9955429009484802, 0.13344860611533052, 4.71238898038469, 6, False 
35.0, 2604, -0.08758163147322996, -2.441117643359448, 0.002594537541151634, 0.03114950860776003, -0.005189075082303268, -0.06229901721552006, 3.141592653589793, 8, False 
35.5, 2601, 0.0, 0.0, 0.0, 0.0, 0, 0, 0.0, 1, False 
35.5, 2602, -242.9506828097991, -124.31997899581881, -7.12324512772907, -3.6413430009110757, -1.3353284936507348, -0.6832992126765984, 0.7853981633974483, 7, False 
35.5, 2603, 13.515851727780841, -3.2616141996791064, -5.711379399071788, -4.164012652695451, -1.9441917367206576, 0.4691678706679655, 4.71238898038469, 6, False 
35.5, 2604, -0.08628436270265415, -2.425542889055568, 0.001297268770575817, 0.015574754303880015, -0.002594537541151634, -0.03114950860776003, 3.141592653589793, 8, False 
36.0, 2601, 0.0, 0.0, 0.0, 0.0, 0, 0, 0.0, 1, False 
36.0, 2602, -246.51230537366365, -126.14065049627435, -7.123119037484807, -3.641589649839959, -1.3353325394013313, -0.6832913062640208, 0.7853981633974483, 7, False 
36.0, 2603, 10.660162028244947, -5.343620526026832, -6.60535195366431, -3.715890937493743, -1.7879451091850438, 0.8962434304034157, 4.71238898038469, 6, False 
36.0, 2604, -0.08563572831736624, -2.417755511903628, 0.0006486343852879085, 0.007787377151940007, -0.001297268770575817, -0.015574754303880015, 3.141592653589793, 8, False 
36.5, 2601, 0.0, 0.0, 0.0, 0.0, 0, 0, 0.0, 1, False 
36.5, 2602, -250.07386489240605, -127.96144532119433, -7.123005389209084, -3.641811942604718, -1.3353361329919553, -0.6832842833887597, 0.7853981633974483, 7, False 
36.5, 2603, 7.357486051412792, -7.201565994773704, -7.319990508594959, -3.016397023433989, -1.4292771098612969, 1.3989878281195078, 4.71238898038469, 6, False 
36.5, 2604, -0.08531141112472228, -2.413861823327658, 0.00032431719264395425, 0.0038936885759700036, -0.0006486343852879085, -0.007787377151940007, 3.141592653589793, 8, False 
37.0, 2601, 0.0, 0.0, 0.0, 0.0, 0, 0, 0.0, 1, False 
37.0, 2602, -253.6353675870106, -129.78235129249668, -7.122902935066904, -3.642012325297003, -1.3353393262743047, -0.6832780427507423, 0.7853981633974483, 7, False 
37.0, 2603, 3.6974907971153126, -8.709764506490698, -7.710758809673326, -2.095907949695291, -0.7815366021567348, 1.8409781474773965, 4.71238898038469, 6, False 
37.0, 2604, -0.0851492525284003, -2.411914979039673, 0.00016215859632197712, 0.0019468442879850018, -0.00032431719264395425, -0.0038936885759700036, 3.141592653589793, 8, False 
37.5, 2601, 0.0, 0.0, 0.0, 0.0, 0, 0, 0.0, 1, False 
37.5, 2602, -257.19681905454405, -131.6033574551452, -7.12281055477737, -3.6421929933423476, -1.335342164978796, -0.6832724950045495, 0.7853981633974483, 7, False 
37.5, 2603, -0.15788860772135038, -9.757718481338344, -7.6945800335814925, -1.0960388346586425, 0.03235755218366627, 1.9997382300732967, 4.71238898038469, 6, False 
37.5, 2604, -0.08506817323023931, -2.4109415568956805, 8.107929816098856e-05, 0.0009734221439925009, -0.00016215859632197712, -0.0019468442879850018, 3.141592653589793, 8, False 
38.0, 2601, 0.0, 0.0, 0.0, 0.0, 0, 0, 0.0, 1, False 
38.0, 2602, -260.75822433193275, -133.42445395181636, -7.1227272422828305, -3.6423559178150096, -1.335344689461102, -0.6832675613023291, 0.7853981633974483, 7, False 
38.0, 2603, -4.005178624512096, -10.305737898667665, -7.332338697175402, -0.16395449609333357, 0.7244826728121811, 1.8641686771306178, 4.71238898038469, 6, False 
38.0, 2604, -0.08502763358115882, -2.410454845823684, 4.053964908049428e-05, 0.00048671107199625046, -8.107929816098856e-05, -0.0009734221439925009, 3.141592653589793, 8, False 
38.5, 2601, 0.0, 0.0, 0.0, 0.0, 0, 0, 0.0, 1, False 
38.5, 2602, -264.3195879530742, -135.24563191072386, -7.12265209384725, -3.6425028689094225, -1.3353469353542977, -0.6832631720207706, 0.7853981633974483, 7, False 
38.5, 2603, -7.671347973099797, -10.387715146714331, -6.738274629211049, 0.6404632331702902, 1.188128135928706, 1.6088354585272475, 4.71238898038469, 6, False 
38.5, 2604, -0.08500736375661858, -2.410211490287686, 2.026982454024714e-05, 0.00024335553599812523, -4.053964908049428e-05, -0.00048671107199625046, 3.141592653589793, 8, False 
39.0, 2601, 0.0, 0.0, 0.0, 0.0, 0, 0, 0.0, 1, False 
39.0, 2602, -267.8809139999978, -137.06688334517858, -7.122584297426097, -3.64263543688621, -1.33534893413902, -0.6832592656479555, 0.7853981633974483, 7, False 
39.0, 2603, -11.040485287705321, -10.067483530129186, -5.999357396685145, 1.3142594363921982, 1.4778344650518087, 1.347592406443816, 4.71238898038469, 6, False 
39.0, 2604, -0.08499722884434845, -2.410089812519687, 1.013491227012357e-05, 0.00012167776799906261, -2.026982454024714e-05, -0.00024335553599812523, 3.141592653589793, 8, False 
39.5, 2601, 0.0, 0.0, 0.0, 0.0, 0, 0, 0.0, 1, False 
39.5, 2602, -271.44220614871085, -138.8882010636217, -7.122523123167985, -3.64275505077371, -1.3353507136423715, -0.6832557878092284, 0.7853981633974483, 7, False 
39.5, 2603, -14.040163986047894, -9.410353811933087, -5.168681652434306, 1.871015943236361, 1.6613514885016787, 1.1135130136883253, 4.71238898038469, 6, False 
39.5, 2604, -0.08499216138821339, -2.4100289736356872, 5.067456135061785e-06, 6.083888399953131e-05, -1.013491227012357e-05, -0.00012167776799906261, 3.141592653589793, 8, False 
40.0, 2601, 0.0, 0.0, 0.0, 0.0, 0, 0, 0.0, 1, False 
40.0, 2602, -275.00346771029484, -140.70957858900854, -7.12246791492419, -3.6428629950734446, -1.335352298474808, -0.683252690414057, 0.7853981633974483, 7, False 
40.0, 2603, -16.624504812265048, -8.474845840314906, -4.277767007279642, 2.325186720641665, 1.7818292903093287, 0.9083415548106084, 4.71238898038469, 6, False 
40.0, 2604, -0.08498962766014585, -2.4099985541936877, 2.5337280675308926e-06, 3.0419441999765653e-05, -5.067456135061785e-06, -6.083888399953131e-05, 3.141592653589793, 8, False 
40.5, 2601, 0.0, 0.0, 0.0, 0.0, 0, 0, 0.0, 1, False 
40.5, 2602, -278.56470166775694, -142.53101008654528, -7.122418082656114, -3.642960424689406, -1.3353537104130184, -0.6832499309082909, 0.7853981633974483, 7, False 
40.5, 2603, -18.76338831590487, -7.312252479994074, -3.3460205501613567, 2.6882962628565785, 1.8634929142365697, 0.7262190844298266, 4.71238898038469, 6, False 
40.5, 2604, -0.08498836079611209, -2.4099833444726877, 1.2668640337654463e-06, 1.5209720999882827e-05, -2.5337280675308926e-06, -3.0419441999765653e-05, 3.141592653589793, 8, False 
41.0, 2601, 0.0, 0.0, 0.0, 0.0, 0, 0, 0.0, 1, False 
41.0, 2602, -282.125910709085, -144.35249029889, -7.122373095643155, -3.6430483782758847, -1.3353549687357202, -0.6832474716183177, 0.7853981633974483, 7, False 
41.0, 2603, -20.436398590985547, -5.9681043485657845, -2.386115146835346, 2.9686203907256017, 1.9198108066520216, 0.5606482557380464, 4.71238898038469, 6, False 
41.0, 2604, -0.08498772736409521, -2.4099757396121877, 6.334320168827231e-07, 7.604860499941413e-06, -1.2668640337654463e-06, -1.5209720999882827e-05, 3.141592653589793, 8, False 
41.5, 2601, 0.0, 0.0, 0.0, 0.0, 0, 0, 0.0, 1, False 
41.5, 2602, -285.6870972569066, -146.17401448802792, -7.122332476404348, -3.643127790176443, -1.335356090518372, -0.683245279175414, 0.7853981633974483, 7, False 
41.5, 2603, -21.62945616440322, -4.483794153202984, -1.4069332508198764, 3.1716051549704827, 1.9583637920309391, 0.405969528489762, 4.71238898038469, 6, False 
41.5, 2604, -0.08498741064808676, -2.409971937181938, 3.1671600844136157e-07, 3.8024302499707067e-06, -6.334320168827231e-07, -7.604860499941413e-06, 3.141592653589793, 8, False 
42.0, 2601, 0.0, 0.0, 0.0, 0.0, 0, 0, 0.0, 1, False 
42.0, 2602, -289.2482634951088, -147.99557838311614, -7.122295795256806, -3.6431995011071288, -1.3353570908920116, -0.6832433240101389, 0.7853981633974483, 7, False 
42.0, 2603, -22.332922789813157, -2.897991575717743, -0.4152476399435254, 3.300289455414626, 1.983371221752702, 0.2573686008882864, 4.71238898038469, 6, False 
42.0, 2604, -0.08498725229008254, -2.409970035966813, 1.5835800422068078e-07, 1.9012151249853533e-06, -3.1671600844136157e-07, -3.8024302499707067e-06, 3.141592653589793, 8, False 
42.5, 2601, 0.0, 0.0, 0.0, 0.0, 0, 0, 0.0, 1, False 
42.5, 2602, -292.8094113927372, -149.8171781336697, -7.122262665442511, -3.6432642677197777, -1.3353579832707376, -0.6832415799079478, 0.7853981633974483, 7, False 
42.5, 2603, -22.54054660978492, -1.24784684801043, 0.5832235031494138, 3.355564914803753, 1.9969422861858785, 0.11055091877825443, 4.71238898038469, 6, False 
42.5, 2604, -0.08498717311108044, -2.4099690853592506, 7.917900211034039e-08, 9.506075624926767e-07, -1.5835800422068078e-07, -1.9012151249853533e-06, 3.141592653589793, 8, False 
43.0, 2601, 0.0, 0.0, 0.0, 0.0, 0, 0, 0.0, 1, False 
43.0, 2602, -296.37054272545845, -151.63881026752958, -7.122232738762645, -3.643322771166117, -1.3353587795517639, -0.6832400236183647, 0.7853981633974483, 7, False 
43.0, 2603, -22.248934858210212, 0.42993560939144637, 1.5830368493725462, 3.3362446478774683, 1.9996266924462647, -0.03864053385256958, 4.71238898038469, 6, False 
43.0, 2604, -0.08498713352157938, -2.4099686100554694, 3.9589501055170196e-08, 4.7530378124633834e-07, -7.917900211034039e-08, -9.506075624926767e-07, 3.141592653589793, 8, False 
43.5, 2601, 0.0, 0.0, 0.0, 0.0, 0, 0, 0.0, 1, False 
43.5, 2602, -299.93165909483974, -153.46047165311265, -7.122205701665231, -3.6433756247698743, -1.3353594902914685, -0.6832386345110393, 0.7853981633974483, 7, False 
43.5, 2603, -21.45741643352394, 2.0980579333301805, 2.578290610310464, 3.238930972893272, 1.9905075218758357, -0.19462734996839226, 4.71238898038469, 6, False 
43.5, 2604, -0.08498711372682885, -2.4099683724035788, 1.9794750527585098e-08, 2.3765189062316917e-07, -3.9589501055170196e-08, -4.7530378124633834e-07, 3.141592653589793, 8, False 
44.0, 2601, 0.0, 0.0, 0.0, 0.0, 0, 0, 0.0, 1, False 
44.0, 2602, -303.4927619456724, -155.28215946549759, -7.122181271737935, -3.6434233809022842, -1.3353601248604083, -0.68323739427288, 0.7853981633974483, 7, False 
44.0, 2603, -20.16827112836871, 3.7175234197768168, 3.561723676086359, 3.0576593393191693, 1.9668661315517906, -0.36254326714820523, 4.71238898038469, 6, False 
44.0, 2604, -0.08498710382945358, -2.4099682535776332, 9.897375263792549e-09, 1.1882594531158458e-07, -1.9794750527585098e-08, -2.3765189062316917e-07, 3.141592653589793, 8, False 
44.5, 2601, 0.0, 0.0, 0.0, 0.0, 0, 0, 0.0, 1, False 
44.5, 2602, -307.0538525815414, -157.10387115594872, -7.122159194563024, -3.6434665371458212, -1.335360691579898, -0.6832362866412003, 0.7853981633974483, 7, False 
44.5, 2603, -18.38740929032553, 5.246353089436401, 4.523346920875233, 2.783285989516901, 1.9232464895777477, -0.5487466996045367, 4.71238898038469, 6, False 
44.5, 2604, -0.08498709888076596, -2.4099681941646605, 4.9486876318962745e-09, 5.941297265579229e-08, -9.897375263792549e-09, -1.1882594531158458e-07, 3.141592653589793, 8, False 
45.0, 2601, 0.0, 0.0, 0.0, 0.0, 0, 0, 0.0, 1, False 
45.0, 2602, -310.61493217882287, -158.92560442452162, -7.122139240896266, -3.6435055418217175, -1.3353611978424142, -0.6832352971684592, 0.7853981633974483, 7, False 
45.0, 2603, -16.125735829887912, 6.637996084194852, 5.44806565075978, 2.402634875502098, 1.8494374597690937, -0.7613022280296062, 4.71238898038469, 6, False 
45.0, 2604, -0.08498709640642214, -2.4099681644581743, 2.4743438159481373e-09, 2.9706486327896146e-08, -4.9486876318962745e-09, -5.941297265579229e-08, 3.141592653589793, 8, False 
45.5, 2601, 0.0, 0.0, 0.0, 0.0, 0, 0, 0.0, 1, False 
45.5, 2602, -314.176001799271, -160.74735719543247, -7.122121204135578, -3.6435407989485156, -1.3353616502177992, -0.6832344130147396, 0.7853981633974483, 7, False 
45.5, 2603, -13.401703004508022, 7.839313521945901, 6.311236928948218, 1.8977236511165254, 1.7263425563768764, -1.009822448771145, 4.71238898038469, 6, False 
45.5, 2604, -0.08498709516925024, -2.409968149604931, 1.2371719079740686e-09, 1.4853243163948073e-08, -2.4743438159481373e-09, -2.9706486327896146e-08, 3.141592653589793, 8, False 
46.0, 2601, 0.0, 0.0, 0.0, 0.0, 0, 0, 0.0, 1, False 
46.0, 2602, -317.7370624013388, -162.56912759490672, -7.122104898049071, -3.6435726726916595, -1.3353620545469933, -0.6832336227645951, 0.7853981633974483, 7, False 
46.0, 2603, -10.246084540033912, 8.788175347504165, 7.070280553761476, 1.2466838861018603, 1.5180872496265154, -1.3020795300293304, 4.71238898038469, 6, False 
46.0, 2604, -0.08498709455066428, -2.4099681421783097, 6.185859539870343e-10, 7.4266215819740365e-09, -1.2371719079740686e-09, -1.4853243163948073e-08, 3.141592653589793, 8, False 
46.5, 2601, 0.0, 0.0, 0.0, 0.0, 0, 0, 0.0, 1, False 
46.5, 2602, -321.29811485036333, -164.39091393125256, -7.122090154735269, -3.6436014913575474, -1.3353624160247999, -0.6832329162653166, 0.7853981633974483, 7, False 
46.5, 2603, -6.710944263153174, 9.411517290555095, 7.650855879331069, 0.43247734514326475, 1.1611506511391858, -1.6284130819171911, 4.71238898038469, 6, False 
46.5, 2604, -0.0849870942413713, -2.4099681384649987, 3.0929297699351716e-10, 3.7133107909870182e-09, -6.185859539870343e-10, -7.4266215819740365e-09, 3.141592653589793, 8, False 
47.0, 2601, 0.0, 0.0, 0.0, 0.0, 0, 0, 0.0, 1, False 
47.0, 2602, -324.85915992773096, -166.21271467693134, -7.122076822791308, -3.6436275509797738, -1.33536273927301, -0.6832322844840417, 0.7853981633974483, 7, False 
47.0, 2603, -2.8855163234876398, 9.627755963126727, 7.937947218597148, -0.5254258665218854, 0.5741826785321571, -1.9158064233303003, 4.71238898038469, 6, False 
47.0, 2604, -0.08498709408672481, -2.4099681366083434, 1.5464648849675858e-10, 1.8566553954935091e-09, -3.0929297699351716e-10, -3.7133107909870182e-09, 3.141592653589793, 8, False 
47.5, 2601, 0.0, 0.0, 0.0, 0.0, 0, 0, 0.0, 1, False 
47.5, 2602, -328.4201983391266, -168.03452845242123, -7.122064765667429, -3.6436511185401024, -1.3353630284050366, -0.6832317193814476, 0.7853981633974483, 7, False 
47.5, 2603, 1.0834572858109341, 9.365043029865785, 7.8230221223612455, -1.5188000267732826, -0.22985019247180533, -1.9867483205027945, 4.71238898038469, 6, False 
47.5, 2604, -0.08498709400940156, -2.4099681356800158, 7.732324424837929e-11, 9.283276977467546e-10, -1.5464648849675858e-10, -1.8566553954935091e-09, 3.141592653589793, 8, False 
48.0, 2601, 0.0, 0.0, 0.0, 0.0, 0, 0, 0.0, 1, False 
48.0, 2602, -331.98123072196034, -169.85635401169128, -7.122053860188463, -3.6436724348621965, -1.3353632870830747, -0.6832312138000471, 0.7853981633974483, 7, False 
48.0, 2603, 4.994968346991557, 8.605643016479144, 7.3210261561602294, -2.3836699880494905, -1.0039919324020312, -1.7297399225524153, 4.71238898038469, 6, False 
48.0, 2604, -0.08498709397073995, -2.409968135215852, 3.8661622124189645e-11, 4.641638488733773e-10, -7.732324424837929e-11, -9.283276977467546e-10, 3.141592653589793, 8, False 
48.5, 2601, 0.0, 0.0, 0.0, 0.0, 0, 0, 0.0, 1, False 
48.5, 2602, -335.54225765205456, -171.67819022912238, -7.122043995224989, -3.6436917172120453, -1.3353635185686765, -0.6832307613653553, 0.7853981633974483, 7, False 
48.5, 2603, 8.655481425071672, 7.413808022454399, 6.561545182317977, -3.0341995034226397, -1.5189619476845044, -1.3010590307462984, 4.71238898038469, 6, False 
48.5, 2604, -0.08498709395140913, -2.40996813498377, 1.9330811062094822e-11, 2.3208192443668864e-10, -3.8661622124189645e-11, -4.641638488733773e-10, 3.141592653589793, 8, False 
49.0, 2601, 0.0, 0.0, 0.0, 0.0, 0, 0, 0.0, 1, False 
49.0, 2602, -339.10327964966706, -173.5000360877284, -7.122035070498738, -3.6437091616354387, -1.3353637257675208, -0.6832303563984, 0.7853981633974483, 7, False 
49.0, 2603, 11.936254016230661, 5.896708270743079, 5.664982509182085, -3.4771163953328745, -1.793125346271785, -0.8858337838204695, 4.71238898038469, 6, False 
49.0, 2604, -0.08498709394174372, -2.409968134867729, 9.665405531047411e-12, 1.1604096221834432e-10, -1.9330811062094822e-11, -2.3208192443668864e-10, 3.141592653589793, 8, False 
49.5, 2601, 0.0, 0.0, 0.0, 0.0, 0, 0, 0.0, 1, False 
49.5, 2602, -342.66429718491645, -175.32189066854613, -7.122026995508394, -3.6437249450596103, -1.3353639112690578, -0.6832299938382417, 0.7853981633974483, 7, False 
49.5, 2603, 14.768745270821704, 4.158150073076642, 4.702407037397834, -3.7481301608860784, -1.9251509435685015, -0.5420275311064082, 4.71238898038469, 6, False 
49.5, 2604, -0.08498709393691102, -2.4099681348097084, 4.8327027655237056e-12, 5.802048110917216e-11, -9.665405531047411e-12, -1.1604096221834432e-10, 3.141592653589793, 8, False 
50.0, 2601, 0.0, 0.0, 0.0, 0.0, 0, 0, 0.0, 1, False 
50.0, 2602, -346.2253106826706, -177.14375314107593, -7.1220196885634595, -3.6437392271833144, -1.3353640773816358, -0.6832296691733261, 0.7853981633974483, 7, False 
50.0, 2603, 17.11994878952062, 2.2840849926336024, 3.7111899497370464, -3.880374953332761, -1.9824341753215757, -0.26448958489336544, 4.71238898038469, 6, False 
50.0, 2604, -0.08498709393449468, -2.4099681347806983, 2.4163513827618528e-12, 2.901024055458608e-11, -4.8327027655237056e-12, -5.802048110917216e-11, 3.141592653589793, 8, False 
